"Descrip.","Na2O  ","MgO   ","P2O5  ","SiO2  ","Al2O3 ","K2O   ","CaO   ","TiO2  ","FeO   ","MnO   ","Total"
"1991-P2-MG-1",6.038,2.191,0.544,61.606,15.638,2.100,4.593,1.499,5.527,0.265,100.0
"1991-P2-MG-2",6.218,2.079,0.575,60.891,15.561,2.444,4.499,1.453,6.072,0.207,100.0
"1991-P2-MG-3",6.137,2.286,0.550,60.331,15.973,2.052,4.751,1.436,6.265,0.219,100.0
"1991-P2-MG-4",6.196,2.048,0.647,60.498,15.818,2.134,4.169,1.483,6.833,0.174,100.0
"1991-P2-MG-5",7.273,1.451,0.540,62.800,16.208,2.124,3.206,1.242,4.983,0.173,100.0
"1991-P2-MG-6",7.058,1.590,0.459,63.147,15.752,3.078,2.401,1.169,5.191,0.156,100.0
"1991-P2-MG-7",6.439,1.571,0.417,63.507,15.971,3.137,2.685,1.282,4.819,0.172,100.0
"1991-P2-MG-8",6.330,1.613,0.499,62.620,16.089,3.052,2.983,1.391,5.226,0.197,100.0
"1991-P2-MG-9",6.407,1.610,0.485,62.610,16.195,3.020,2.672,1.294,5.436,0.272,100.0
"1991-P2-MG-10",6.675,1.524,0.375,63.344,16.263,2.948,2.758,1.225,4.655,0.232,100.0
"1991-P2-MG-11",6.738,1.512,0.436,63.002,16.250,2.919,2.835,1.267,4.864,0.177,100.0
"1991-P2-MG-12",6.763,1.364,0.335,64.478,15.982,2.828,2.674,1.256,4.109,0.211,100.0
"1991-P2-MG-13",6.863,1.376,0.455,64.405,15.879,2.842,2.631,1.186,4.194,0.170,100.0
"1991-P2-MG-14",6.386,1.474,0.388,64.474,15.905,2.808,2.551,1.176,4.668,0.171,100.0
"1991-P2-MG-15",6.479,1.588,0.398,62.801,15.916,3.106,3.124,1.254,5.177,0.156,100.0
"1991-P2-MG-16",6.047,1.521,0.357,63.108,15.982,3.244,3.134,1.227,5.155,0.226,100.0
"1991-P2-MG-17",5.926,1.557,0.350,62.583,16.225,3.296,3.323,1.246,5.345,0.149,100.0
"1991-P2-MG-18",6.282,1.900,0.562,62.043,15.992,2.344,4.106,1.379,5.302,0.090,100.0
"1991-P2-MG-19",6.372,1.460,0.369,63.419,16.268,2.553,3.177,1.110,5.020,0.252,100.0
"1991-P2-MG-20",6.880,1.490,0.427,62.258,16.130,2.682,3.556,1.331,5.077,0.167,100.0
"1991-P2-MG-21",6.959,1.388,0.388,63.380,16.181,2.612,2.930,1.171,4.862,0.129,100.0
"1991-P2-MG-22",6.490,1.499,0.385,63.486,16.287,2.666,3.136,1.113,4.782,0.155,100.0
"1991-P2-MG-23",6.872,1.178,0.307,64.828,16.258,2.728,2.577,1.036,3.946,0.271,100.0
"1991-P2-MG-24",6.613,1.546,0.352,63.302,16.277,2.611,2.983,1.116,5.002,0.200,100.0
"1991-P2-MG-25",5.931,2.112,0.467,61.255,16.129,2.294,4.337,1.357,5.891,0.227,100.0
"1991-P2-MG-26",6.114,2.256,0.451,60.455,16.091,2.189,4.645,1.344,6.255,0.200,100.0
"1991-P2-MG-27",6.249,1.998,0.438,61.741,16.077,2.497,3.974,1.314,5.493,0.218,100.0
"1991-P2-MG-28",7.116,1.625,0.371,62.300,15.858,2.399,3.440,1.253,5.465,0.173,100.0
"1991-P2-MG-29",6.582,1.714,0.435,62.693,16.241,2.387,3.397,1.212,5.065,0.275,100.0
"1991-P2-MG-30",6.038,1.932,0.448,63.007,16.135,2.381,3.401,1.399,4.940,0.321,100.0
"1991-P2-MG-31",6.935,1.412,0.440,63.131,16.138,2.621,2.851,1.220,5.088,0.162,100.0
"1991-P2-MG-32",6.886,1.454,0.341,62.661,16.292,2.631,3.319,1.140,5.025,0.251,100.0
"1991-P2-MG-33",6.310,1.549,0.362,63.035,16.494,2.583,3.358,1.155,5.034,0.123,100.0
"1991-P2-MG-34",6.698,1.228,0.240,64.306,16.439,2.547,2.807,1.097,4.470,0.169,100.0
"1991-P2-MG-35",7.095,1.214,0.304,64.021,16.285,2.629,2.782,1.019,4.458,0.193,100.0
"1991-P2-MG-36",6.471,1.180,0.274,64.491,16.530,2.729,2.746,0.988,4.474,0.117,100.0
"1991-P2-MG-37",6.955,1.318,0.290,64.000,16.187,2.517,2.791,1.066,4.607,0.270,100.0
"1991-P2-MG-38",6.984,1.523,0.359,63.179,16.021,2.683,3.135,1.314,4.563,0.239,100.0
"1991-P2-MG-39",6.692,1.566,0.385,63.578,16.356,2.369,3.240,1.113,4.581,0.120,100.0
"1991-P2-MG-40",6.346,1.530,0.389,62.877,16.438,2.608,3.252,1.227,5.115,0.218,100.0
"1991-P2-MG-41",6.620,1.525,0.334,63.543,16.144,2.402,3.372,1.252,4.569,0.239,100.0
"1991-P2-MG-42",6.890,1.529,0.406,63.158,15.990,2.685,3.314,1.200,4.694,0.133,100.0
"1991-P2-MG-43",7.180,1.505,0.349,62.893,16.171,2.626,3.138,1.285,4.721,0.132,100.0
"1991-P2-MG-44",6.697,1.522,0.351,63.321,16.119,2.678,3.338,1.169,4.678,0.127,100.0
"1991-P2-MG-45",6.580,1.523,0.271,62.928,16.413,2.638,3.332,1.229,4.880,0.206,100.0
"1991-P2-MG-46",6.409,1.490,0.321,63.616,16.107,2.687,3.059,1.163,5.059,0.088,100.0
"1991-P2-MG-47",6.484,1.482,0.364,63.651,16.484,2.576,2.954,1.093,4.777,0.135,100.0
"1991-P2-MG-48",6.549,1.404,0.358,63.687,16.490,2.710,3.136,1.129,4.373,0.164,100.0
"1991-P2-MG-49",6.714,1.336,0.274,63.858,16.585,2.350,3.381,0.995,4.454,0.054,100.0
"1991-P2-MG-50",6.588,1.353,0.289,63.503,16.258,2.767,3.051,0.978,4.963,0.250,100.0
"1991-P2-MG-51",6.654,1.357,0.288,63.514,16.012,2.696,3.019,0.942,5.341,0.177,100.0
"1991-P2-MG-52",6.263,1.366,0.349,63.332,16.122,2.649,3.111,1.026,5.568,0.215,100.0
"1991-P2-MG-53",6.220,1.077,0.263,62.130,18.707,1.933,4.859,0.948,3.707,0.156,100.0
"1991-P2-MG-54",6.832,1.505,0.295,63.142,16.426,2.337,3.113,1.225,4.978,0.146,100.0
"1991-P2-MG-55",6.757,1.651,0.423,62.496,16.297,2.374,3.561,1.189,5.086,0.166,100.0
"1991-P2-MG-56",6.519,1.591,0.374,62.984,16.368,2.493,3.436,1.382,4.753,0.101,100.0
"1991-P2-MG-57",6.841,1.580,0.323,62.740,16.109,2.494,3.328,1.194,5.150,0.241,100.0
"1991-P2-MG-58",6.559,1.669,0.416,62.784,16.470,2.406,3.326,1.118,4.995,0.259,100.0
"1991-P2-MG-59",6.380,1.472,0,63.475,16.079,1.946,3.406,1.131,5.867,0.244,100.0
"1991-P2-MG-60",5.838,1.544,0,63.827,16.238,2.189,3.067,1.154,6.010,0.134,100.0
"1991-P2-MG-61",6.743,1.493,0,63.079,15.595,2.192,3.212,1.291,6.078,0.316,100.0
"1991-P2-MG-62",6.287,1.433,0,63.471,16.475,2.477,3.273,1.195,5.155,0.233,100.0
"1991-P2-MG-63",6.637,1.361,0,63.546,16.410,2.371,3.387,1.079,4.950,0.259,100.0
"1991-P2-MG-64",6.848,1.376,0,63.335,16.236,2.499,3.007,1.403,5.165,0.133,100.0
"1991-P2-MG-65",6.572,1.532,0,63.499,16.308,2.238,3.102,1.165,5.451,0.134,100.0
"1991-P2-MG-66",6.022,1.767,0,64.029,16.089,2.547,3.155,1.258,5.033,0.100,100.0
"1991-P2-MG-67",6.305,1.177,0,64.300,16.544,2.551,2.943,1.210,4.816,0.154,100.0
"1991-P2-MG-68",6.158,1.207,0,64.236,16.318,2.546,3.036,1.235,5.111,0.154,100.0
"1991-P2-MG-69",6.408,1.310,0,64.226,16.708,2.218,3.078,1.067,4.792,0.193,100.0
"1991-P2-MG-70",6.040,1.195,0,63.781,17.259,2.376,3.274,0.918,4.871,0.286,100.0
"1991-P2-MG-71",6.571,1.516,0,63.295,16.235,2.468,2.990,1.210,5.476,0.240,100.0
"1991-P2-MG-72",6.760,1.485,0,63.282,16.341,2.325,3.031,1.353,5.129,0.294,100.0
"1991-P2-MG-73",6.641,1.432,0,63.889,16.403,2.568,2.916,1.198,4.768,0.185,100.0
"1991-P2-MG-74",6.390,1.626,0,63.487,16.296,2.359,3.168,1.258,5.213,0.203,100.0
"1991-P2-MG-75",6.276,1.574,0,63.539,16.268,2.561,3.052,1.269,5.311,0.150,100.0
"1991-P2-MG-76",6.091,1.691,0,63.199,16.316,2.458,3.427,1.158,5.344,0.317,100.0
"1991-P2-MG-77",6.029,1.561,0,63.225,16.310,2.502,3.329,1.273,5.574,0.196,100.0
"1991-P2-MG-78",6.637,1.520,0,63.833,16.344,2.567,3.029,1.073,4.943,0.053,100.0
"1991-P2-MG-79",6.049,1.818,0,62.134,16.331,2.340,3.730,1.285,6.084,0.229,100.0
"1991-P2-MG-80",6.633,1.653,0,63.278,16.059,2.467,3.348,1.248,5.151,0.163,100.0
"1991-P2-MG-81",6.019,2.328,0,62.453,15.843,2.044,3.832,1.204,6.050,0.227,100.0
"1991-P2-MG-82",5.633,0.792,0,64.199,13.653,2.690,2.817,2.109,7.815,0.292,100.0
"1991-P2-MG-83",7.205,0.756,0,64.970,16.826,2.800,2.123,1.199,4.028,0.094,100.0
"1991-P2-MG-84",6.679,0.824,0,63.514,17.904,2.880,2.037,1.278,4.797,0.088,100.0
"1991-P2-MG-85",6.551,0.771,0,64.092,17.996,2.686,1.790,1.415,4.578,0.121,100.0
"1991-P2-MG-86",7.018,0.786,0,65.174,16.907,2.694,1.912,1.236,3.992,0.280,100.0
"1991-P2-MG-87",6.463,0.964,0,63.566,17.919,2.510,2.053,1.349,5.006,0.170,100.0
"1991-P2-MG-88",6.478,1.042,0,64.383,16.554,2.878,2.102,1.198,5.176,0.187,100.0
"1991-P2-MG-89",6.666,0.861,0,62.638,19.048,2.515,2.313,1.317,4.508,0.134,100.0
"1991-P2-MG-90",6.592,0.952,0,63.099,18.264,2.817,2.180,1.341,4.494,0.260,100.0
"1991-P2-MG-91",6.740,0.884,0,63.864,17.766,2.602,2.153,1.179,4.691,0.121,100.0
"1991-P2-MG-92",6.698,0.770,0,62.437,19.669,2.521,2.008,1.172,4.536,0.188,100.0
"1991-P2-MG-93",6.492,0.860,0,63.990,18.020,2.692,1.968,1.178,4.598,0.202,100.0
"1991-P2-MG-94",5.016,3.624,0,57.573,19.949,1.824,5.487,1.015,5.347,0.164,100.0
"1991-P2-MG-95",6.565,1.062,0,63.714,16.958,2.903,1.979,1.246,5.393,0.180,100.0
"1991-P2-MG-96",6.720,1.069,0,64.416,16.654,2.656,1.874,1.246,5.184,0.181,100.0
"1991-P2-MG-97",6.833,0.944,0,63.914,17.205,2.798,1.818,1.202,5.073,0.213,100.0
"1991-P2-MG-98",6.591,1.171,0,63.842,16.444,2.693,2.402,1.164,5.364,0.331,100.0
"1991-P2-MG-99",6.630,1.206,0,63.874,16.361,2.827,2.371,1.342,5.235,0.154,100.0
"1991-P2-MG-100",6.687,0.991,0,64.060,17.086,2.714,2.047,1.142,5.031,0.241,100.0
"1991-P2-MG-101",6.499,1.029,0,64.626,16.637,2.631,2.097,1.164,5.063,0.254,100.0
"1991-P2-MG-102",6.603,0.946,0,64.153,17.451,2.674,2.032,1.043,4.848,0.250,100.0
"1991-P2-MG-103",6.079,1.102,0,63.992,17.573,2.734,2.115,1.086,4.976,0.344,100.0
"1991-P2-MG-104",7.406,0.509,0,63.924,17.710,2.455,3.591,0.854,3.386,0.164,100.0
"1991-P2-MG-105",2.737,25.210,0,42.900,4.479,0.728,0.915,0.096,21.972,0.961,100.0
"1991-P2-MG-106",7.240,0.445,0,64.373,17.664,2.437,3.458,0.999,3.376,0.007,100.0
"1991-P2-MG-107",6.894,1.526,0.0,63.069,16.262,2.386,3.158,1.221,5.290,0.193,100.0
"1991-P2-MG-108",6.624,1.521,0.0,63.564,16.186,2.576,3.112,1.229,5.069,0.120,100.0
"1991-P2-MG-109",6.585,1.270,0.0,64.908,16.512,2.485,2.685,0.975,4.479,0.101,100.0
"1991-P2-MG-110",6.746,1.352,0.0,64.510,16.387,2.555,2.786,1.073,4.443,0.148,100.0
"1991-P2-MG-111",6.582,1.355,0.0,64.920,16.372,2.643,2.730,1.035,4.216,0.148,100.0
"1991-P2-MG-112",6.633,1.452,0.0,63.068,16.510,2.443,3.061,1.296,5.312,0.225,100.0
"1991-P2-MG-113",6.924,1.537,0.0,63.253,16.354,2.551,3.052,1.158,4.936,0.234,100.0
"1991-P2-MG-114",6.482,1.500,0.0,63.999,16.412,2.402,2.977,1.268,4.784,0.176,100.0
"1991-P2-MG-115",6.814,1.474,0.0,64.069,16.222,2.490,3.115,0.986,4.682,0.148,100.0
